"","Actitis hypoleucos","Alca torda","Anas acuta","Anas clypeata","Anas crecca","Anas penelope","Anas platyrhynchos","Anas querquedula","Anas strepera","Anser albifrons","Anser anser","Anser brachyrhynchus","Anser fabalis","Ardea cinerea","Ardea purpurea","Arenaria interpres","Aythya ferina","Aythya fuligula","Botaurus stellaris","Branta bernicla","Branta canadensis","Branta leucopsis","Bucephala clangula","Calidris alba","Calidris alpina","Calidris canutus","Calidris ferruginea","Calidris minuta","Cepphus grylle","Charadrius alexandrinus","Charadrius dubius","Charadrius hiaticula","Chlidonias niger","Ciconia ciconia","Cygnus columbianus","Cygnus cygnus","Cygnus olor","Fulica atra","Gallinago gallinago","Gallinula chloropus","Grus grus","Haematopus ostralegus","Hydroprogne caspia","Larus argentatus","Larus canus","Larus fuscus","Larus marinus","Larus melanocephalus","Larus ridibundus","Limosa lapponica","Limosa limosa","Lymnocryptes minimus","Mergus merganser","Mergus serrator","Morus bassanus","Numenius arquata","Numenius phaeopus","Nycticorax nycticorax","Phalacrocorax aristotelis","Phalacrocorax carbo","Philomachus pugnax","Platalea leucorodia","Pluvialis apricaria","Pluvialis squatarola","Podiceps cristatus","Rallus aquaticus","Recurvirostra avosetta","Rissa tridactyla","Scolopax rusticola","Somateria mollissima","Stercorarius skua","Sterna hirundo","Sterna paradisaea","Sternula albifrons","Tachybaptus ruficollis","Tadorna tadorna","Thalasseus sandvicensis","Tringa erythropus","Tringa glareola","Tringa nebularia","Tringa ochropus","Tringa totanus","Uria aalge","Vanellus vanellus"
"Actitis hypoleucos",0,0.79295154185022,0.752380952380952,0.648241206030151,0.730268199233717,0.746564885496183,0.760840998685939,0.729166666666667,0.719745222929936,0.783382789317507,0.743740795287187,0.902439024390244,0.808731808731809,0.725085910652921,0.804545454545454,0.744791666666667,0.71658615136876,0.713855421686747,0.834757834757835,0.900662251655629,0.819672131147541,0.869918699186992,0.883435582822086,0.856677524429967,0.660056657223796,0.762626262626263,0.741379310344828,0.728531855955679,0.869688385269122,0.79874213836478,0.762162162162162,0.674418604651163,0.901315789473684,0.784565916398714,0.906832298136646,0.82392776523702,0.772151898734177,0.675236806495264,0.629901960784314,0.635359116022099,0.914285714285714,0.736024844720497,0.890547263681592,0.73719806763285,0.752085816448153,0.718194254445965,0.764102564102564,0.776,0.745341614906832,0.857142857142857,0.737704918032787,0.746835443037975,0.912751677852349,0.846666666666667,0.899053627760252,0.738819320214669,0.791044776119403,0.9,0.938547486033519,0.725151253241141,0.705223880597015,0.814432989690722,0.774468085106383,0.77910447761194,0.907284768211921,0.810344827586207,0.703703703703704,0.875,0.753424657534246,0.796909492273731,0.914191419141914,0.693333333333333,0.789976133651551,0.737704918032787,0.87220447284345,0.736720554272517,0.734439834024896,0.753581661891118,0.65,0.728813559322034,0.749216300940439,0.637770897832817,0.777777777777778,0.692150866462793
"Alca torda",0.79295154185022,0,0.773648648648649,0.749552772808587,0.763220205209155,0.727714748784441,0.819407008086253,0.873303167420814,0.810623556581986,0.871069182389937,0.803432137285491,0.882758620689655,0.896162528216704,0.843694493783304,0.915422885572139,0.61849710982659,0.825042881646655,0.750798722044729,0.891373801916933,0.871212121212121,0.804878048780488,0.824773413897281,0.861111111111111,0.784386617100372,0.640718562874252,0.675977653631285,0.806451612903226,0.851393188854489,0.650793650793651,0.807142857142857,0.885542168674699,0.598326359832636,0.954887218045113,0.922056384742952,0.915492957746479,0.846913580246914,0.803842264914055,0.805991440798859,0.778920308483291,0.774257425742574,0.961538461538461,0.627062706270627,0.791208791208791,0.687061183550652,0.677902621722847,0.601731601731602,0.553930530164534,0.768545994065282,0.786259541984733,0.774647887323944,0.845758354755784,0.863309352517986,0.830769230769231,0.824427480916031,0.74910394265233,0.673704414587332,0.797979797979798,0.969465648854962,0.71875,0.751563896336014,0.775100401606426,0.822857142857143,0.800925925925926,0.71043771043771,0.939393939393939,0.883870967741935,0.730964467005076,0.737588652482269,0.74630021141649,0.653012048192771,0.871698113207547,0.672597864768683,0.664041994750656,0.725609756097561,0.927272727272727,0.721518987341772,0.644144144144144,0.787781350482315,0.846153846153846,0.765822784810127,0.829181494661922,0.684210526315789,0.422319474835886,0.779427359490986
"Anas acuta",0.752380952380952,0.773648648648649,0,0.458503401360544,0.552321552321552,0.452711223203027,0.631325301204819,0.634304207119741,0.622331691297209,0.610837438423645,0.610771113831089,0.793991416309013,0.702746365105008,0.648233486943164,0.754325259515571,0.708812260536398,0.573122529644269,0.586034912718205,0.783231083844581,0.804545454545454,0.805555555555556,0.743589743589744,0.844827586206897,0.838202247191011,0.554502369668247,0.674157303370787,0.802469135802469,0.795591182364729,0.873727087576375,0.802631578947368,0.846456692913386,0.571865443425077,0.882352941176471,0.804630969609262,0.821739130434783,0.762478485370052,0.704721030042919,0.594070695553022,0.607966457023061,0.58590308370044,0.918032786885246,0.567774936061381,0.825925925925926,0.595907928388747,0.572159672466735,0.613348676639816,0.66804979253112,0.785575048732943,0.644164759725401,0.752173913043478,0.60353982300885,0.863436123348018,0.926605504587156,0.858447488584475,0.876923076923077,0.592539454806313,0.758985200845666,0.93607305936073,0.911290322580645,0.626254826254826,0.614243323442137,0.771863117870722,0.671052631578947,0.699788583509514,0.895454545454546,0.818930041152263,0.607017543859649,0.882096069868996,0.694915254237288,0.695431472081218,0.877551020408163,0.577235772357723,0.694793536804309,0.686507936507937,0.858093126385809,0.576182136602452,0.593548387096774,0.765913757700205,0.74757281553398,0.731707317073171,0.864332603938731,0.558673469387755,0.696682464454976,0.606791778373548
"Anas clypeata",0.648241206030151,0.749552772808587,0.458503401360544,0,0.564539007092199,0.5,0.64720344191764,0.606837606837607,0.545138888888889,0.614890885750963,0.566326530612245,0.801385681293302,0.689419795221843,0.605988967691095,0.717431192660551,0.697341513292433,0.517906336088154,0.542262678803641,0.758771929824561,0.832923832923833,0.787685774946921,0.751054852320675,0.870069605568445,0.820388349514563,0.55363748458693,0.660678642714571,0.76158940397351,0.733905579399142,0.882096069868996,0.754137115839244,0.793684210526316,0.568438003220612,0.867970660146699,0.755374351371386,0.807962529274005,0.762773722627737,0.683745583038869,0.533175355450237,0.539630836047774,0.564814814814815,0.912087912087912,0.564753004005341,0.838264299802761,0.601754385964912,0.580508474576271,0.593301435406699,0.626086956521739,0.733333333333333,0.63265306122449,0.775175644028103,0.567669172932331,0.805225653206651,0.900744416873449,0.85679012345679,0.867298578199052,0.593373493975904,0.777272727272727,0.920987654320988,0.909287257019438,0.578446909667195,0.578783151326053,0.724137931034483,0.641739130434783,0.7,0.867321867321867,0.788079470198676,0.553072625698324,0.891764705882353,0.691558441558441,0.71326164874552,0.882352941176471,0.546099290780142,0.706106870229008,0.660297239915074,0.837320574162679,0.587360594795539,0.587734241908007,0.722466960352423,0.702564102564103,0.699346405228758,0.816037735849057,0.525965379494008,0.703333333333333,0.56353591160221
"Anas crecca",0.730268199233717,0.763220205209155,0.552321552321552,0.564539007092199,0,0.540871934604905,0.361884368308351,0.706109822119103,0.718068535825545,0.646267652992603,0.615281501340483,0.868536371603856,0.751159196290572,0.448659585230147,0.792498004788508,0.806182121971596,0.608089260808926,0.561272850372377,0.855670103092784,0.906726457399103,0.838846480067854,0.835871404399323,0.88937664618086,0.903571428571428,0.55892034233048,0.788254755996691,0.86046511627907,0.846678023850085,0.867924528301887,0.893899204244032,0.857988165680473,0.665914221218962,0.930170098478066,0.63150218765192,0.890748898678414,0.762738853503185,0.53695652173913,0.559278350515464,0.480662983425414,0.631268436578171,0.914015477214101,0.593685655456417,0.861728395061728,0.427489177489178,0.468523002421307,0.555699481865285,0.63519313304721,0.846801346801347,0.346264960792406,0.876651982378855,0.754838709677419,0.891939769707706,0.936993699369937,0.917340521114106,0.904424778761062,0.620991253644315,0.865853658536585,0.956873315363881,0.878736122971819,0.431472081218274,0.670867309117865,0.845129059117402,0.73655494933749,0.850174216027874,0.915695067264574,0.862187769164513,0.755823293172691,0.894086496028244,0.712990936555891,0.742496050552923,0.937275985663082,0.607926397735315,0.771103896103896,0.825275657336726,0.911190053285968,0.73354735152488,0.68030888030888,0.857142857142857,0.774168600154679,0.837189374464439,0.899293286219081,0.598355037697053,0.700305810397553,0.442586399108138
"Anas penelope",0.746564885496183,0.727714748784441,0.452711223203027,0.5,0.540871934604905,0,0.614243323442137,0.673405909797823,0.668769716088328,0.634408602150538,0.629453681710214,0.759674134419552,0.720496894409938,0.660889223813112,0.807628524046434,0.692870201096892,0.594387755102041,0.550181378476421,0.801556420233463,0.806451612903226,0.765595463137996,0.75187969924812,0.820040899795501,0.834042553191489,0.53970080552359,0.677996422182469,0.792563600782779,0.812977099236641,0.844961240310077,0.808731808731809,0.842401500938086,0.593519882179676,0.884368308351178,0.82089552238806,0.802061855670103,0.742574257425743,0.657142857142857,0.594235033259424,0.599591419816139,0.597733711048159,0.94541910331384,0.52912019826518,0.826548672566372,0.537562604340568,0.49500998003992,0.550335570469799,0.572192513368984,0.79182156133829,0.620981387478849,0.777319587628866,0.620338983050847,0.874739039665971,0.913232104121475,0.822894168466523,0.866666666666667,0.537396121883656,0.783132530120482,0.94816414686825,0.842610364683301,0.598484848484848,0.590844062947067,0.782214156079855,0.66824644549763,0.714859437751004,0.888172043010753,0.851272015655577,0.640336134453781,0.867494824016563,0.706231454005935,0.675324675324675,0.871244635193133,0.543905635648755,0.687285223367698,0.716446124763705,0.882352941176471,0.567114093959731,0.578294573643411,0.77734375,0.769828926905132,0.760154738878143,0.858921161825726,0.520395550061805,0.644376899696049,0.601398601398601
"Anas platyrhynchos",0.760840998685939,0.819407008086253,0.631325301204819,0.64720344191764,0.361884368308351,0.614243323442137,0,0.765562913907285,0.760159893404397,0.595070422535211,0.581041544763019,0.895434462444772,0.72203838517538,0.367365542388332,0.819047619047619,0.834512022630834,0.617201695941853,0.577331759149941,0.856625633598841,0.918918918918919,0.836676217765043,0.859899928520372,0.889380530973451,0.919222139117427,0.624423963133641,0.821879382889201,0.88243831640058,0.869158878504673,0.869848156182213,0.913946587537092,0.862857142857143,0.719275549805951,0.940029985007496,0.503957783641161,0.890532544378698,0.754243041412084,0.387457462323773,0.518371961560204,0.568797399783315,0.664335664335664,0.891304347826087,0.637992831541219,0.874301675977654,0.396610169491525,0.459604066345639,0.60022714366837,0.659442724458204,0.861921708185053,0.281060606060606,0.894970414201183,0.794097460535347,0.912332838038633,0.924698795180723,0.926315789473684,0.934669636228656,0.671491504090623,0.887179487179487,0.965413533834586,0.930835734870317,0.411065386374028,0.721583652618135,0.871650211565585,0.793333333333333,0.873992673992674,0.923423423423423,0.878084179970972,0.794801641586867,0.922962962962963,0.754704737183647,0.741065407956844,0.947486871717929,0.617177914110429,0.790200138026225,0.849570200573066,0.907669396872673,0.758031442241969,0.724867724867725,0.885424220449601,0.79205298013245,0.871387283236994,0.911045218680504,0.653937947494033,0.736393442622951,0.514669318746892
"Anas querquedula",0.729166666666667,0.873303167420814,0.634304207119741,0.606837606837607,0.706109822119103,0.673405909797823,0.765562913907285,0,0.603485838779956,0.72809667673716,0.697151424287856,0.848101265822785,0.778251599147121,0.734375,0.64018691588785,0.827956989247312,0.67816091954023,0.714723926380368,0.740412979351032,0.882758620689655,0.915254237288136,0.848739495798319,0.89171974522293,0.898305084745763,0.740634005763689,0.8125,0.785714285714286,0.742120343839542,0.953079178885631,0.797385620915033,0.793296089385475,0.734126984126984,0.821917808219178,0.810064935064935,0.806451612903226,0.870069605568445,0.799014778325123,0.656121045392022,0.666666666666667,0.645951035781544,0.964497041420118,0.753164556962025,0.882051282051282,0.763440860215054,0.77509068923821,0.799721835883171,0.835951134380454,0.807162534435262,0.770963704630788,0.858064516129032,0.643373493975904,0.802631578947368,0.951048951048951,0.923611111111111,0.914754098360656,0.758683729433272,0.801857585139319,0.868055555555556,0.982658959537572,0.725764192139738,0.606870229007634,0.787234042553191,0.759825327510917,0.808049535603715,0.841379310344827,0.767857142857143,0.704761904761905,0.941558441558441,0.819639278557114,0.868480725623583,0.917525773195876,0.717687074829932,0.862407862407862,0.76271186440678,0.833887043189369,0.729216152019002,0.782978723404255,0.744807121661721,0.628205128205128,0.736842105263158,0.811074918566775,0.675078864353312,0.855072463768116,0.717234262125903
"Anas strepera",0.719745222929936,0.810623556581986,0.622331691297209,0.545138888888889,0.718068535825545,0.668769716088328,0.760159893404397,0.603485838779956,0,0.718223583460949,0.70516717325228,0.850162866449511,0.756521739130435,0.713035870516185,0.704057279236277,0.746556473829201,0.65,0.679626749611198,0.727272727272727,0.879003558718861,0.855072463768116,0.816091954022989,0.901639344262295,0.874125874125874,0.708029197080292,0.744,0.798165137614679,0.723529411764706,0.939759036144578,0.797979797979798,0.833810888252149,0.668686868686869,0.830388692579505,0.79067865903516,0.813953488372093,0.862559241706161,0.775347912524851,0.629526462395543,0.637735849056604,0.655172413793103,0.933130699088146,0.730337078651685,0.858267716535433,0.745562130177515,0.755501222493888,0.774647887323944,0.822695035460993,0.751412429378531,0.750786658275645,0.833887043189369,0.596059113300493,0.816949152542373,0.927797833935018,0.913978494623656,0.891891891891892,0.721189591078067,0.796178343949045,0.878136200716846,0.928783382789317,0.693661971830986,0.646601941747573,0.727520435967302,0.719376391982183,0.764331210191083,0.814946619217082,0.743119266055046,0.688564476885645,0.933110367892977,0.763265306122449,0.87037037037037,0.936170212765957,0.675302245250432,0.849246231155779,0.756521739130435,0.86986301369863,0.694174757281553,0.75704989154013,0.76219512195122,0.708061002178649,0.75975975975976,0.845637583892617,0.6544,0.827004219409283,0.7125
"Anser albifrons",0.783382789317507,0.871069182389937,0.610837438423645,0.614890885750963,0.646267652992603,0.634408602150538,0.595070422535211,0.72809667673716,0.718223583460949,0,0.565621370499419,0.823529411764706,0.559577677224736,0.62258543833581,0.80064308681672,0.816254416961131,0.678704856787049,0.643026004728132,0.759849906191369,0.859504132231405,0.872262773722628,0.767695099818512,0.905511811023622,0.901840490797546,0.72972972972973,0.782006920415225,0.852830188679245,0.889502762430939,0.928971962616822,0.872,0.876811594202898,0.753581661891118,0.901234567901235,0.692847124824684,0.757936507936508,0.7504,0.553349875930521,0.61129207383279,0.681362725450902,0.608275862068965,0.815789473684211,0.653753026634383,0.904109589041096,0.613804437140509,0.590597453476983,0.721796276013144,0.741851368970013,0.791741472172352,0.652901785714286,0.857142857142857,0.724137931034483,0.879518072289157,0.945833333333333,0.925311203319502,0.895791583166333,0.716599190283401,0.845261121856867,0.954356846473029,0.951851851851852,0.659447348767737,0.724233983286908,0.796491228070175,0.760736196319018,0.825918762088975,0.900826446280992,0.841509433962264,0.736156351791531,0.932270916334661,0.803751803751804,0.798425196850394,0.929896907216495,0.621483375959079,0.820299500831947,0.806569343065694,0.878787878787879,0.67479674796748,0.728915662650602,0.879472693032015,0.836858006042296,0.869402985074627,0.888223552894212,0.705314009661836,0.799113737075332,0.681857265692175
"Anser anser",0.743740795287187,0.803432137285491,0.610771113831089,0.566326530612245,0.615281501340483,0.629453681710214,0.581041544763019,0.697151424287856,0.70516717325228,0.565621370499419,0,0.809708737864078,0.616766467065868,0.564766839378238,0.783094098883573,0.786339754816112,0.611386138613861,0.614571092831962,0.780669144981413,0.893660531697342,0.822784810126582,0.762589928057554,0.847953216374269,0.91497975708502,0.61478163493841,0.728987993138936,0.794392523364486,0.824817518248175,0.855555555555556,0.813861386138614,0.838420107719928,0.644381223328592,0.881873727087576,0.653389238294899,0.776031434184676,0.685714285714286,0.537067545304778,0.524838012958963,0.621136590229312,0.613698630136986,0.813780260707635,0.600481347773766,0.881154499151104,0.553191489361702,0.555555555555556,0.636165577342048,0.624352331606218,0.822064056939502,0.589315525876461,0.842829076620825,0.706840390879479,0.888667992047714,0.91340206185567,0.864476386036961,0.904761904761905,0.664879356568365,0.827586206896552,0.946611909650924,0.952293577981651,0.5625,0.654218533886584,0.773913043478261,0.683409436834094,0.796934865900383,0.914110429447853,0.801869158878505,0.673667205169628,0.873767258382643,0.767908309455587,0.6625,0.910204081632653,0.565438373570521,0.696369636963696,0.732368896925859,0.884,0.651612903225806,0.608370702541106,0.83955223880597,0.75712143928036,0.811460258780037,0.877470355731225,0.6062424969988,0.730205278592375,0.575342465753425
"Anser brachyrhynchus",0.902439024390244,0.882758620689655,0.793991416309013,0.801385681293302,0.868536371603856,0.759674134419552,0.895434462444772,0.848101265822785,0.850162866449511,0.823529411764706,0.809708737864078,0,0.785488958990536,0.866,0.876811594202898,0.772727272727273,0.833698030634573,0.82,0.754010695187166,0.811594202898551,0.851485148514852,0.68780487804878,0.901234567901235,0.762237762237762,0.830258302583026,0.71551724137931,0.880434782608696,0.959390862944163,0.947089947089947,0.818181818181818,0.922330097087379,0.767045454545455,0.928571428571429,0.937037037037037,0.670886075949367,0.777777777777778,0.856315179606026,0.843478260869565,0.828220858895706,0.788918205804749,0.978494623655914,0.7,0.957983193277311,0.8300803673938,0.786666666666667,0.802469135802469,0.757719714964371,0.924170616113744,0.893499308437068,0.734177215189873,0.726235741444867,0.894736842105263,0.940298507462687,0.882352941176471,0.816993464052288,0.756962025316456,0.824561403508772,1,0.865979381443299,0.865055387713998,0.82258064516129,0.803571428571429,0.718954248366013,0.777777777777778,0.840579710144927,0.891304347826087,0.776119402985075,0.846153846153846,0.855907780979827,0.799307958477509,0.755395683453237,0.756880733944954,0.756862745098039,0.811881188118812,0.892617449664429,0.71003717472119,0.710691823899371,0.945945945945946,0.949367088607595,0.863157894736842,0.896774193548387,0.775933609958506,0.794561933534743,0.8531211750306
"Anser fabalis",0.808731808731809,0.896162528216704,0.702746365105008,0.689419795221843,0.751159196290572,0.720496894409938,0.72203838517538,0.778251599147121,0.756521739130435,0.559577677224736,0.616766467065868,0.785488958990536,0,0.738074588031223,0.827505827505828,0.855227882037533,0.711475409836066,0.660030627871363,0.729411764705882,0.869415807560137,0.836619718309859,0.754189944134078,0.834920634920635,0.939189189189189,0.81294964028777,0.844155844155844,0.893175074183976,0.931428571428571,0.900584795321637,0.843648208469055,0.860724233983287,0.801980198019802,0.856655290102389,0.781021897810219,0.691318327974277,0.62962962962963,0.661417322834646,0.678571428571429,0.754037267080745,0.718045112781955,0.740412979351032,0.744075829383886,0.91304347826087,0.69921875,0.683574879227053,0.794444444444445,0.78397212543554,0.879120879120879,0.763602251407129,0.890675241157556,0.764423076923077,0.895081967213115,0.930313588850174,0.875432525951557,0.934640522875817,0.795620437956204,0.91358024691358,0.972318339100346,0.988472622478386,0.736474694589878,0.771428571428571,0.830238726790451,0.812636165577342,0.87037037037037,0.903780068728522,0.833827893175074,0.781472684085511,0.935275080906149,0.876,0.805429864253394,0.938356164383562,0.67402376910017,0.808823529411765,0.797183098591549,0.900662251655629,0.772511848341232,0.779193205944798,0.887573964497042,0.85501066098081,0.900874635568513,0.902597402597403,0.77007874015748,0.838842975206612,0.777319587628866
"Ardea cinerea",0.725085910652921,0.843694493783304,0.648233486943164,0.605988967691095,0.448659585230147,0.660889223813112,0.367365542388332,0.734375,0.713035870516185,0.62258543833581,0.564766839378238,0.866,0.738074588031223,0,0.757194244604317,0.821969696969697,0.610208816705336,0.622754491017964,0.826001955034213,0.917864476386037,0.842003853564547,0.85014409221902,0.911823647294589,0.899897854954035,0.622641509433962,0.790262172284644,0.864705882352941,0.854791868344627,0.914146341463415,0.880808080808081,0.838771593090211,0.702020202020202,0.918032786885246,0.484342379958246,0.86317907444668,0.730941704035874,0.454973513831666,0.503897944720057,0.526881720430108,0.588477366255144,0.906066536203523,0.61854103343465,0.916201117318436,0.47510251903925,0.532759761747187,0.615110477548111,0.689737470167064,0.816618911174785,0.382120946538125,0.871227364185111,0.752502274795268,0.884615384615385,0.94020618556701,0.923868312757202,0.923154701718908,0.66693744922827,0.858987090367428,0.940329218106996,0.928155339805825,0.412793876435211,0.711920529801324,0.826415094339623,0.74430823117338,0.843098311817279,0.897330595482546,0.86078431372549,0.733695652173913,0.921370967741935,0.748098055790364,0.751111111111111,0.936410256410256,0.608490566037736,0.796516956920257,0.820809248554913,0.882233502538071,0.726696832579186,0.679376083188908,0.860920666013712,0.770833333333333,0.842105263157895,0.886982845610494,0.611532625189681,0.778920308483291,0.473684210526316
"Ardea purpurea",0.804545454545454,0.915422885572139,0.754325259515571,0.717431192660551,0.792498004788508,0.807628524046434,0.819047619047619,0.64018691588785,0.704057279236277,0.80064308681672,0.783094098883573,0.876811594202898,0.827505827505828,0.757194244604317,0,0.909638554216867,0.725834797891037,0.810457516339869,0.739130434782609,0.976,0.980891719745223,0.892744479495268,0.956204379562044,0.929411764705882,0.819571865443425,0.883720930232558,0.878378378378378,0.805825242718447,1,0.827067669172932,0.817610062893082,0.810344827586207,0.833333333333333,0.803691275167785,0.814814814814815,0.928388746803069,0.846153846153846,0.720524017467249,0.722513089005236,0.682281059063137,0.97986577181208,0.804054054054054,0.891428571428571,0.825025432349949,0.837357052096569,0.829160530191458,0.924953095684803,0.801857585139319,0.797175866495507,0.918518518518519,0.706666666666667,0.871212121212121,0.967479674796748,0.983870967741935,0.932075471698113,0.814595660749507,0.830388692579505,0.838709677419355,0.986928104575163,0.770135746606335,0.768595041322314,0.732142857142857,0.818181818181818,0.893992932862191,0.808,0.797297297297297,0.794736842105263,0.970149253731343,0.856209150326797,0.955112219451371,0.920318725099602,0.795620437956204,0.956403269754768,0.89171974522293,0.862068965517241,0.826771653543307,0.827906976744186,0.878787878787879,0.733644859813084,0.834437086092715,0.872659176029962,0.771043771043771,0.941309255079007,0.765339074273412
"Arenaria interpres",0.744791666666667,0.61849710982659,0.708812260536398,0.697341513292433,0.806182121971596,0.692870201096892,0.834512022630834,0.827956989247312,0.746556473829201,0.816254416961131,0.786339754816112,0.772727272727273,0.855227882037533,0.821969696969697,0.909638554216867,0,0.816764132553606,0.730215827338129,0.876543209876543,0.762886597938144,0.767441860465116,0.823754789272031,0.834862385321101,0.618090452261306,0.605351170568562,0.472222222222222,0.658333333333333,0.707509881422925,0.787755102040816,0.685714285714286,0.854961832061069,0.534313725490196,0.918367346938775,0.915492957746479,0.85981308411215,0.856716417910448,0.83025027203482,0.787638668779715,0.76271186440678,0.714942528735632,0.933884297520661,0.626865671641791,0.816326530612245,0.756202804746494,0.707250341997264,0.640449438202247,0.656184486373166,0.715355805243446,0.832223701731025,0.579439252336449,0.711598746081505,0.788461538461539,0.821052631578947,0.822916666666667,0.760765550239235,0.64079822616408,0.674008810572687,0.958333333333333,0.864,0.795996186844614,0.733644859813084,0.721428571428572,0.729281767955801,0.533039647577092,0.896907216494845,0.825,0.62962962962963,0.811320754716981,0.741935483870968,0.663768115942029,0.815384615384615,0.617886178861789,0.646302250803859,0.596899224806202,0.873170731707317,0.606153846153846,0.631016042780749,0.767634854771784,0.833333333333333,0.707317073170732,0.819905213270142,0.602230483271375,0.617571059431524,0.777777777777778
"Aythya ferina",0.71658615136876,0.825042881646655,0.573122529644269,0.517906336088154,0.608089260808926,0.594387755102041,0.617201695941853,0.67816091954023,0.65,0.678704856787049,0.611386138613861,0.833698030634573,0.711475409836066,0.610208816705336,0.725834797891037,0.816764132553606,0,0.493064312736444,0.729166666666667,0.883990719257541,0.78989898989899,0.827309236947791,0.850549450549451,0.894495412844037,0.669461077844311,0.779047619047619,0.815513626834381,0.771428571428571,0.87551867219917,0.852348993288591,0.791583166332665,0.693023255813954,0.893764434180139,0.730517115804807,0.844789356984479,0.730769230769231,0.633217993079585,0.493087557603687,0.591534391534392,0.619047619047619,0.916492693110647,0.666235446313066,0.883239171374764,0.611683848797251,0.642561983471074,0.693023255813954,0.677871148459384,0.777777777777778,0.631972397929845,0.853658536585366,0.723021582733813,0.856179775280899,0.901639344262295,0.878787878787879,0.910313901345291,0.686046511627907,0.844827586206897,0.953379953379953,0.926078028747433,0.580093312597201,0.657142857142857,0.825918762088975,0.776293823038397,0.788793103448276,0.865429234338747,0.794549266247379,0.711229946524064,0.937639198218263,0.728125,0.759450171821306,0.912037037037037,0.607681755829904,0.748175182481752,0.753535353535354,0.855203619909502,0.676156583629893,0.672667757774141,0.803347280334728,0.727422003284072,0.79296066252588,0.857142857142857,0.641290322580645,0.756410256410256,0.643243243243243
"Aythya fuligula",0.713855421686747,0.750798722044729,0.586034912718205,0.542262678803641,0.561272850372377,0.550181378476421,0.577331759149941,0.714723926380368,0.679626749611198,0.643026004728132,0.614571092831962,0.82,0.660030627871363,0.622754491017964,0.810457516339869,0.730215827338129,0.493064312736444,0,0.762906309751434,0.860759493670886,0.736059479553903,0.770794824399261,0.815261044176707,0.866388308977035,0.617312072892938,0.753521126760563,0.811538461538462,0.819887429643527,0.798095238095238,0.86530612244898,0.819188191881919,0.651162790697674,0.92436974789916,0.754237288135593,0.813765182186235,0.691056910569106,0.576313594662218,0.517014270032931,0.615384615384615,0.627972027972028,0.888888888888889,0.600490196078431,0.832752613240418,0.516155758077879,0.507418397626113,0.616832779623477,0.574636723910172,0.791590493601463,0.604938271604938,0.838056680161943,0.726210350584307,0.852459016393443,0.821276595744681,0.860169491525424,0.91002044989775,0.655266757865937,0.857988165680473,0.966101694915254,0.913207547169811,0.601203912716328,0.675141242937853,0.853571428571429,0.763239875389408,0.779092702169625,0.835443037974684,0.830769230769231,0.731788079470199,0.930894308943089,0.710102489019034,0.6352,0.924210526315789,0.544041450777202,0.675126903553299,0.739776951672863,0.876288659793814,0.64297520661157,0.666666666666667,0.82341650671785,0.794478527607362,0.787072243346008,0.877800407331976,0.616136919315403,0.68215892053973,0.65654813529922
"Botaurus stellaris",0.834757834757835,0.891373801916933,0.783231083844581,0.758771929824561,0.855670103092784,0.801556420233463,0.856625633598841,0.740412979351032,0.727272727272727,0.759849906191369,0.780669144981413,0.754010695187166,0.729411764705882,0.826001955034213,0.739130434782609,0.876543209876543,0.729166666666667,0.762906309751434,0,0.950310559006211,0.875555555555556,0.798245614035088,0.85945945945946,0.91566265060241,0.879646017699115,0.858823529411765,0.864734299516908,0.9,0.962264150943396,0.84180790960452,0.807860262008734,0.813333333333333,0.852760736196319,0.885766092475068,0.712707182320442,0.841059602649007,0.830699774266366,0.749163879598662,0.804444444444445,0.716417910447761,0.933014354066986,0.773359840954274,0.938697318007663,0.807606263982103,0.799426934097421,0.854237288135593,0.846846846846847,0.794871794871795,0.861130020422056,0.878453038674033,0.706293706293706,0.874285714285714,0.923566878980892,0.924528301886792,0.886363636363636,0.799043062200957,0.845360824742268,0.949685534591195,0.953917050691244,0.840551181102362,0.807594936708861,0.821862348178138,0.848024316109423,0.845360824742268,0.763975155279503,0.768115942028986,0.807560137457045,0.910614525139665,0.837837837837838,0.897435897435897,0.901234567901235,0.75599128540305,0.920863309352518,0.831111111111111,0.802325581395349,0.767123287671233,0.818181818181818,0.894230769230769,0.846607669616519,0.84037558685446,0.853932584269663,0.821782178217822,0.898305084745763,0.830952380952381
"Branta bernicla",0.900662251655629,0.871212121212121,0.804545454545454,0.832923832923833,0.906726457399103,0.806451612903226,0.918918918918919,0.882758620689655,0.879003558718861,0.859504132231405,0.893660531697342,0.811594202898551,0.869415807560137,0.917864476386037,0.976,0.762886597938144,0.883990719257541,0.860759493670886,0.950310559006211,0,0.818181818181818,0.731843575418994,0.808823529411765,0.760683760683761,0.806201550387597,0.689320388349514,0.822784810126582,0.894736842105263,0.840490797546012,0.859375,0.944444444444444,0.779141104294478,0.982456140350877,0.960151802656547,0.878787878787879,0.849802371541502,0.906810035842294,0.861566484517304,0.888178913738019,0.830028328611898,0.95,0.814977973568282,0.952830188679245,0.881656804733728,0.855161787365177,0.848428835489834,0.792405063291139,0.848648648648649,0.928169014084507,0.651515151515152,0.839662447257384,0.920634920634921,0.888888888888889,0.745454545454545,0.779527559055118,0.81029810298103,0.806896551724138,0.981818181818182,0.904761904761905,0.90899689762151,0.861271676300578,0.858585858585859,0.814285714285714,0.641379310344828,0.892857142857143,0.936708860759494,0.752066115702479,0.953846153846154,0.856697819314642,0.726235741444867,0.84070796460177,0.804878048780488,0.729257641921397,0.704545454545455,0.869918699186992,0.68724279835391,0.773972602739726,0.836477987421384,0.951724137931034,0.780487804878049,0.953488372093023,0.815789473684211,0.783606557377049,0.888748419721871
"Branta canadensis",0.819672131147541,0.804878048780488,0.805555555555556,0.787685774946921,0.838846480067854,0.765595463137996,0.836676217765043,0.915254237288136,0.855072463768116,0.872262773722628,0.822784810126582,0.851485148514852,0.836619718309859,0.842003853564547,0.980891719745223,0.767441860465116,0.78989898989899,0.736059479553903,0.875555555555556,0.818181818181818,0,0.843621399176955,0.91,0.834254143646409,0.76551724137931,0.725925925925926,0.828828828828829,0.846808510638298,0.850220264317181,0.927083333333333,0.852459016393443,0.697435897435897,0.97752808988764,0.924865831842576,0.918367346938775,0.766561514195583,0.773584905660377,0.794453507340946,0.817391304347826,0.73621103117506,0.946428571428571,0.718146718146718,0.898550724637681,0.777777777777778,0.755960729312763,0.768595041322314,0.703703703703704,0.863453815261044,0.849056603773585,0.76530612244898,0.807308970099668,0.873684210526316,0.813953488372093,0.758620689655172,0.926701570680628,0.755196304849884,0.894736842105263,1,0.801724137931034,0.821532492725509,0.863414634146342,0.938931297709924,0.872093023255814,0.751196172248804,0.897727272727273,0.936936936936937,0.790849673202614,0.855670103092784,0.807792207792208,0.743119266055046,0.943502824858757,0.734177215189873,0.74061433447099,0.716666666666667,0.925133689839572,0.687296416938111,0.758426966292135,0.811659192825112,0.915254237288136,0.807017543859649,0.865284974093264,0.761538461538461,0.70189701897019,0.819883040935673
"Branta leucopsis",0.869918699186992,0.824773413897281,0.743589743589744,0.751054852320675,0.835871404399323,0.75187969924812,0.859899928520372,0.848739495798319,0.816091954022989,0.767695099818512,0.762589928057554,0.68780487804878,0.754189944134078,0.85014409221902,0.892744479495268,0.823754789272031,0.827309236947791,0.770794824399261,0.798245614035088,0.731843575418994,0.843621399176955,0,0.852216748768473,0.902173913043478,0.787307032590052,0.765567765567766,0.866666666666667,0.932773109243697,0.826086956521739,0.825641025641026,0.910931174089069,0.755725190839695,0.922651933701657,0.914362176628011,0.708542713567839,0.775,0.836283185840708,0.788961038961039,0.838383838383838,0.757142857142857,0.947136563876652,0.704414587332054,0.913978494623656,0.780701754385965,0.737430167597765,0.763157894736842,0.70995670995671,0.880952380952381,0.864156018829859,0.839195979899497,0.763157894736842,0.896373056994819,0.862857142857143,0.830508474576271,0.88659793814433,0.729357798165138,0.849056603773585,0.966101694915254,0.906382978723404,0.845261121856867,0.767554479418886,0.871698113207547,0.763688760806917,0.783018867924528,0.843575418994413,0.928888888888889,0.73462783171521,0.898477157360406,0.829896907216495,0.690909090909091,0.888888888888889,0.719077568134172,0.695945945945946,0.753086419753086,0.831578947368421,0.651612903225806,0.710306406685237,0.876106194690266,0.899159663865546,0.818181818181818,0.846938775510204,0.755258126195029,0.763440860215054,0.822843822843823
"Bucephala clangula",0.883435582822086,0.861111111111111,0.844827586206897,0.870069605568445,0.88937664618086,0.820040899795501,0.889380530973451,0.89171974522293,0.901639344262295,0.905511811023622,0.847953216374269,0.901234567901235,0.834920634920635,0.911823647294589,0.956204379562044,0.834862385321101,0.850549450549451,0.815261044176707,0.85945945945946,0.808823529411765,0.91,0.852216748768473,0,0.971631205673759,0.848148148148148,0.817391304347826,0.912087912087912,0.938461538461538,0.775401069518717,0.934210526315789,0.901960784313725,0.862857142857143,0.927536231884058,0.948051948051948,0.871794871794872,0.819494584837545,0.883855981416957,0.860383944153578,0.883076923076923,0.877984084880637,0.891304347826087,0.866108786610879,0.889830508474576,0.852704257767549,0.821693907875186,0.847787610619469,0.789976133651551,0.942583732057416,0.89612188365651,0.858974358974359,0.961685823754789,0.92,0.848484848484848,0.731343283582089,0.933774834437086,0.821882951653944,0.917159763313609,1,0.989583333333333,0.899091826437941,0.810810810810811,0.954954954954955,0.855263157894737,0.834319526627219,0.941176470588235,0.89010989010989,0.849624060150376,0.961038961038961,0.889855072463768,0.75609756097561,0.941605839416058,0.788018433179724,0.723320158102767,0.81,0.904761904761905,0.842696629213483,0.835443037974684,0.890710382513661,0.89171974522293,0.893617021276596,0.934640522875817,0.854166666666667,0.817629179331307,0.894478527607362
"Calidris alba",0.856677524429967,0.784386617100372,0.838202247191011,0.820388349514563,0.903571428571428,0.834042553191489,0.919222139117427,0.898305084745763,0.874125874125874,0.901840490797546,0.91497975708502,0.762237762237762,0.939189189189189,0.899897854954035,0.929411764705882,0.618090452261306,0.894495412844037,0.866388308977035,0.91566265060241,0.760683760683761,0.834254143646409,0.902173913043478,0.971631205673759,0,0.785028790786948,0.658767772511848,0.742331288343558,0.795454545454545,0.952380952380952,0.744360902255639,0.837837837837838,0.691842900302115,0.915966386554622,0.952785646836638,0.941605839416058,0.914728682170543,0.914489311163895,0.873646209386282,0.857369255150555,0.810055865921788,0.975757575757576,0.803921568627451,0.898617511520737,0.882352941176471,0.862385321100917,0.824175824175824,0.805,0.768421052631579,0.91859649122807,0.664233576642336,0.752066115702479,0.83206106870229,0.858407079646018,0.895652173913043,0.742424242424242,0.786096256684492,0.706666666666667,0.965217391304348,0.861271676300578,0.901234567901235,0.84045584045584,0.783251231527094,0.817543859649123,0.6,0.897435897435897,0.914110429447853,0.781376518218623,0.851851851851852,0.877300613496933,0.843283582089552,0.779661016949152,0.792771084337349,0.829059829059829,0.701657458563536,0.890625,0.758064516129032,0.737373737373737,0.75609756097561,0.891525423728813,0.775147928994083,0.835820895522388,0.783080260303688,0.8,0.881909547738694
"Calidris alpina",0.660056657223796,0.640718562874252,0.554502369668247,0.55363748458693,0.55892034233048,0.53970080552359,0.624423963133641,0.740634005763689,0.708029197080292,0.72972972972973,0.61478163493841,0.830258302583026,0.81294964028777,0.622641509433962,0.819571865443425,0.605351170568562,0.669461077844311,0.617312072892938,0.879646017699115,0.806201550387597,0.76551724137931,0.787307032590052,0.848148148148148,0.785028790786948,0,0.570491803278689,0.686832740213523,0.68695652173913,0.81305114638448,0.785714285714286,0.794520547945206,0.446575342465753,0.915057915057915,0.787379972565158,0.891791044776119,0.774733637747336,0.653505237711523,0.59286463798531,0.549514563106796,0.632760898282695,0.946808510638298,0.482517482517482,0.801948051948052,0.529223378702962,0.530864197530864,0.481481481481481,0.504380475594493,0.735144312393888,0.576754385964912,0.731343283582089,0.669266770670827,0.845283018867925,0.875,0.848249027237354,0.811676082862524,0.531694695989651,0.763205828779599,0.953307392996109,0.835664335664336,0.543398978847557,0.570666666666667,0.764119601328904,0.669590643274854,0.690346083788707,0.910852713178295,0.829181494661922,0.588235294117647,0.808988764044944,0.710344827586207,0.589205397301349,0.852998065764023,0.511056511056511,0.63349131121643,0.66551724137931,0.882352941176471,0.554868624420402,0.520114942528736,0.730017761989343,0.665706051873199,0.725352112676056,0.857410881801126,0.395348837209302,0.55148095909732,0.568200836820084
