"","Actitis hypoleucos","Alca torda","Anas acuta","Anas clypeata","Anas crecca","Anas penelope","Anas platyrhynchos","Anas querquedula","Anas strepera","Anser albifrons","Anser anser","Anser brachyrhynchus","Anser fabalis","Ardea cinerea","Ardea purpurea","Arenaria interpres","Aythya ferina","Aythya fuligula","Botaurus stellaris","Branta bernicla","Branta canadensis","Branta leucopsis","Bucephala clangula","Calidris alba","Calidris alpina","Calidris canutus","Calidris ferruginea","Calidris minuta","Cepphus grylle","Charadrius alexandrinus","Charadrius dubius","Charadrius hiaticula","Chlidonias niger","Ciconia ciconia","Cygnus columbianus","Cygnus cygnus","Cygnus olor","Fulica atra","Gallinago gallinago","Gallinula chloropus","Grus grus","Haematopus ostralegus","Hydroprogne caspia","Larus argentatus","Larus canus","Larus fuscus","Larus marinus","Larus melanocephalus","Larus ridibundus","Limosa lapponica","Limosa limosa","Lymnocryptes minimus","Mergus merganser","Mergus serrator","Morus bassanus","Numenius arquata","Numenius phaeopus","Nycticorax nycticorax","Phalacrocorax aristotelis","Phalacrocorax carbo","Philomachus pugnax","Platalea leucorodia","Pluvialis apricaria","Pluvialis squatarola","Podiceps cristatus","Rallus aquaticus","Recurvirostra avosetta","Rissa tridactyla","Scolopax rusticola","Somateria mollissima","Stercorarius skua","Sterna hirundo","Sterna paradisaea","Sternula albifrons","Tachybaptus ruficollis","Tadorna tadorna","Thalasseus sandvicensis","Tringa erythropus","Tringa glareola","Tringa nebularia","Tringa ochropus","Tringa totanus","Uria aalge","Vanellus vanellus"
"Actitis hypoleucos",0,0.956521739130435,0.944700460829493,0.932330827067669,0.926521239954076,0.94,0.908101571946796,0.915492957746479,0.930232558139535,0.865921787709497,0.911894273127753,1,0.96078431372549,0.920245398773006,0.964285714285714,0.882352941176471,0.923664122137405,0.90521327014218,1,0.9,1,1,1,0.80952380952381,0.851162790697674,0.875968992248062,0.867924528301887,0.872727272727273,1,0.843137254901961,0.893333333333333,0.84,1,0.945578231292517,1,1,0.867321867321867,0.911439114391144,0.867881548974943,0.86046511627907,0.714285714285714,0.860927152317881,1,0.922272047832586,0.924914675767918,0.928205128205128,0.91304347826087,0.86046511627907,0.92640413169787,0.828571428571429,0.915492957746479,0.958333333333333,1,0.923076923076923,1,0.875776397515528,0.886792452830189,0.75,1,0.913793103448276,0.84688995215311,0.892857142857143,0.904761904761905,0.916666666666667,1,1,0.868131868131868,1,0.952380952380952,0.932584269662921,1,0.898876404494382,0.848484848484848,0.896907216494845,1,0.842424242424243,0.82312925170068,0.888888888888889,0.739495798319328,0.833333333333333,0.938461538461538,0.838427947598253,0.909090909090909,0.906183368869936
"Alca torda",0.956521739130435,0,0.976470588235294,1,0.994764397905759,0.955555555555555,0.955056179775281,1,1,0.8,0.978494623655914,1,1,1,1,0.892307692307692,1,0.938461538461538,1,1,0.875,1,1,1,0.973898858075041,0.981981981981982,1,1,0.856209150326797,0.777777777777778,0.714285714285714,0.935185185185185,1,0.923076923076923,1,1,0.945525291828794,0.970149253731343,0.967479674796748,0.892857142857143,1,0.906735751295337,0.941176470588235,0.85929648241206,0.956709956709957,0.799498746867168,0.894977168949772,0.96,0.977755308392315,0.897435897435897,1,0.75,0.91304347826087,0.857142857142857,0.368421052631579,0.911764705882353,1,1,0.785123966942149,0.92967032967033,0.975609756097561,0.948717948717949,1,1,1,0.75,0.936170212765957,0.821428571428571,0.971428571428572,0.920489296636086,1,0.927272727272727,0.984251968503937,0.896551724137931,1,0.935483870967742,0.985074626865672,1,0.906976744186047,1,1,0.955056179775281,0.663551401869159,0.936842105263158
"Anas acuta",0.944700460829493,0.976470588235294,0,0.799078341013825,0.747478520732163,0.727351164797239,0.836253128351806,0.792792792792793,0.811926605504587,0.863234111021722,0.944606413994169,0.972602739726027,0.89344262295082,0.926289926289926,0.906976744186047,0.865384615384615,0.922779922779923,0.898351648351648,0.929203539823009,0.913978494623656,0.908045977011494,0.941605839416058,1,0.947368421052632,0.906735751295337,0.939393939393939,0.802469135802469,0.921052631578947,1,0.942857142857143,0.941176470588235,0.894039735099338,0.866666666666667,0.957317073170732,0.869822485207101,0.942196531791907,0.917721518987342,0.871165644171779,0.939759036144578,0.9,1,0.911462450592885,1,0.919811320754717,0.930555555555556,0.937864077669903,0.94578313253012,0.929203539823009,0.908527589259368,0.848275862068965,0.926470588235294,0.785714285714286,1,0.902439024390244,0.75,0.911764705882353,0.942028985507246,1,1,0.947723440134907,0.890214797136038,0.81042654028436,0.932307692307692,0.927272727272727,0.882352941176471,0.911111111111111,0.893462469733656,1,0.928251121076233,0.902564102564102,1,0.900793650793651,0.880952380952381,0.931707317073171,0.822222222222222,0.860082304526749,0.92874109263658,0.864864864864865,0.824561403508772,0.922077922077922,0.866666666666667,0.884130982367758,0.953216374269006,0.85204991087344
"Anas clypeata",0.932330827067669,1,0.799078341013825,0,0.824143070044709,0.760775862068966,0.852046564025535,0.833333333333333,0.757785467128028,0.883461868037704,0.89281045751634,0.955056179775281,0.95959595959596,0.904605263157895,0.890909090909091,0.918367346938775,0.745098039215686,0.801226993865031,0.933333333333333,0.96551724137931,0.861111111111111,0.977401129943503,0.92,0.909090909090909,0.914645974781765,0.929203539823009,0.908256880733945,0.942857142857143,0.888888888888889,0.954545454545455,0.901639344262295,0.892703862660944,0.783783783783784,0.948453608247423,0.93006993006993,0.945945945945946,0.869469026548673,0.847953216374269,0.884816753926702,0.860550458715596,1,0.8984375,1,0.945205479452055,0.925750394944708,0.953271028037383,0.913385826771653,0.948275862068966,0.910112359550562,0.815789473684211,0.90745501285347,0.96551724137931,1,0.846153846153846,1,0.90625,0.873015873015873,0.8,1,0.903171953255426,0.882096069868996,0.737556561085973,0.910543130990415,0.883333333333333,0.857142857142857,0.929824561403509,0.886710239651416,0.714285714285714,0.943502824858757,0.894308943089431,1,0.909943714821764,0.855555555555556,0.920398009950249,0.833333333333333,0.849740932642487,0.93491124260355,0.849056603773585,0.862385321100917,0.881578947368421,0.833333333333333,0.881136950904393,1,0.853741496598639
"Anas crecca",0.926521239954076,0.994764397905759,0.747478520732163,0.824143070044709,0,0.764913519237557,0.734259902710215,0.842019543973941,0.804115226337448,0.89239455330455,0.922567498726439,0.920634920634921,0.941463414634146,0.927990135635018,0.922222222222222,0.86892177589852,0.868792152053955,0.828679602460956,0.907407407407407,0.839622641509434,0.941690962099125,0.977272727272727,0.952,0.896296296296296,0.844307270233196,0.872596153846154,0.826086956521739,0.851590106007067,1,0.891891891891892,0.969111969111969,0.894366197183099,0.854545454545454,0.960281870595772,0.893557422969188,0.950819672131147,0.924441900400687,0.865002311604253,0.904929577464789,0.903381642512077,0.97752808988764,0.882624464226838,0.963636363636364,0.928261594928262,0.909090909090909,0.946455131383242,0.96,0.946666666666667,0.896301417213965,0.834355828220859,0.905759162303665,0.857142857142857,1,0.88034188034188,1,0.918232044198895,0.885714285714286,0.75,0.95,0.938667281531012,0.887713588283157,0.739336492890995,0.844827586206897,0.88,0.933333333333333,0.925925925925926,0.853403141361257,0.966942148760331,0.948339483394834,0.87426326129666,1,0.936419408812047,0.873990306946688,0.932142857142857,0.859649122807018,0.860768672951414,0.897518014411529,0.792880258899676,0.867647058823529,0.869848156182213,0.872832369942196,0.836846929422548,0.968098159509202,0.895595432300163
"Anas penelope",0.94,0.955555555555555,0.727351164797239,0.760775862068966,0.764913519237557,0,0.823056300268097,0.7911227154047,0.732283464566929,0.865844255975328,0.9366391184573,0.958904109589041,0.919642857142857,0.92741935483871,0.894736842105263,0.909090909090909,0.869879518072289,0.857142857142857,0.937984496124031,0.897435897435897,0.912280701754386,0.89041095890411,0.885714285714286,0.849056603773585,0.920300751879699,0.894150417827298,0.973333333333333,1,1,0.945945945945946,0.924528301886792,0.888888888888889,0.92,0.932075471698113,0.851851851851852,0.988304093567251,0.918439716312057,0.851289833080425,0.913916786226686,0.9,1,0.908835904628331,1,0.942908926144087,0.945793337097685,0.954022988505747,0.946902654867257,0.935483870967742,0.910714285714286,0.853333333333333,0.897777777777778,1,1,0.904761904761905,1,0.935294117647059,0.875,1,0.91304347826087,0.940729483282675,0.928767123287671,0.896774193548387,0.918238993710692,0.889502762430939,0.916666666666667,0.9,0.870967741935484,1,0.957671957671958,0.910931174089069,1,0.92090395480226,0.895196506550218,0.883495145631068,0.853658536585366,0.865168539325843,0.955465587044534,0.793103448275862,0.896296296296296,0.869047619047619,0.818181818181818,0.87363304981774,0.917431192660551,0.879621668099742
"Anas platyrhynchos",0.908101571946796,0.955056179775281,0.836253128351806,0.852046564025535,0.734259902710215,0.823056300268097,0,0.89527027027027,0.853913043478261,0.83643648362008,0.868002764340014,0.869565217391304,0.927051671732523,0.869664634146341,0.887587822014052,0.825363825363825,0.849669883189436,0.802848575712144,0.904761904761905,0.911290322580645,0.913419913419913,0.907578558225508,0.9375,0.848739495798319,0.839222042139384,0.860975609756098,0.779904306220096,0.898148148148148,0.925675675675676,0.780346820809249,0.921686746987952,0.87490465293669,0.780821917808219,0.934407690132881,0.803846153846154,0.881006864988558,0.87918270654427,0.828877005347594,0.907076483202287,0.862005519779209,0.963636363636364,0.84610967556704,1,0.887189069251431,0.868161284925548,0.94410480349345,0.905848787446505,0.917460317460318,0.863364293085655,0.79672131147541,0.866666666666667,0.883211678832117,0.842105263157895,0.893333333333333,0.833333333333333,0.909536784741144,0.903225806451613,0.866666666666667,0.873684210526316,0.914148857774502,0.879821958456973,0.767313019390582,0.894934333958724,0.84688995215311,0.815126050420168,0.900552486187845,0.854113655640373,0.877862595419847,0.946198830409357,0.850762527233115,1,0.898767605633803,0.808278867102397,0.899135446685879,0.827814569536424,0.844121532364597,0.898611111111111,0.853658536585366,0.89351081530782,0.88295165394402,0.889502762430939,0.853533190578158,0.96579476861167,0.878104993597951
"Anas querquedula",0.915492957746479,1,0.792792792792793,0.833333333333333,0.842019543973941,0.7911227154047,0.89527027027027,0,0.809859154929577,0.914956011730205,0.948717948717949,1,0.959183673469388,0.90530303030303,0.957142857142857,0.909090909090909,0.892086330935252,0.888157894736842,0.970149253731343,0.888888888888889,1,0.9375,1,1,0.934306569343066,1,1,0.948717948717949,1,1,0.8,0.857142857142857,0.91304347826087,0.939393939393939,1,1,0.932307692307692,0.916666666666667,0.916461916461917,0.920289855072464,1,0.926315789473684,1,0.942446043165468,0.922848664688427,0.96,0.929824561403509,0.963636363636364,0.936630602782071,0.8,0.944186046511628,1,1,1,1,0.925373134328358,0.95,1,0,0.862222222222222,0.911439114391144,0.89010989010989,0.885245901639344,0.84,1,0.941176470588235,0.930635838150289,0,0.956521739130435,0.851851851851852,1,0.942528735632184,0.777777777777778,0.884615384615385,0.739130434782609,0.831775700934579,0.943262411347518,0.924528301886792,0.951807228915663,0.851851851851852,0.84,0.954198473282443,0.91304347826087,0.875502008032129
"Anas strepera",0.930232558139535,1,0.811926605504587,0.757785467128028,0.804115226337448,0.732283464566929,0.853913043478261,0.809859154929577,0,0.899253731343284,0.947712418300654,0.888888888888889,0.969230769230769,0.945147679324895,0.863013698630137,0.963636363636364,0.766561514195583,0.762039660056657,0.864406779661017,1,0.666666666666667,0.954545454545455,1,0.636363636363636,0.921671018276762,0.925233644859813,0.9,0.893333333333333,1,1,0.92,0.848648648648649,1,0.947368421052632,0.932203389830508,1,0.904761904761905,0.792048929663609,0.897142857142857,0.861471861471861,0.833333333333333,0.939784946236559,0.866666666666667,0.943887775551102,0.969325153374233,0.888888888888889,1,0.931034482758621,0.923365890308039,0.928571428571429,0.910313901345291,1,1,1,1,0.926829268292683,0.857142857142857,0.714285714285714,0.733333333333333,0.890063424947146,0.936170212765957,0.965811965811966,0.955223880597015,0.924528301886792,0.894736842105263,0.86046511627907,0.888888888888889,0,0.977272727272727,0.929824561403509,1,0.928286852589641,1,0.938461538461538,0.5,0.86013986013986,0.911764705882353,0.902439024390244,0.834862385321101,0.96,0.764705882352941,0.878419452887538,0.944444444444444,0.895372233400402
"Anser albifrons",0.865921787709497,0.8,0.863234111021722,0.883461868037704,0.89239455330455,0.865844255975328,0.83643648362008,0.914956011730205,0.899253731343284,0,0.794937794937795,0.834319526627219,0.826183844011142,0.885446685878962,0.954154727793696,0.810526315789474,0.972850678733032,0.939736346516008,0.923076923076923,0.770491803278688,0.927272727272727,0.787234042553191,1,1,0.93485342019544,0.934210526315789,0.966101694915254,1,1,0.742574257425743,0.892857142857143,0.947540983606557,0.802197802197802,0.889189189189189,0.760663507109005,0.852579852579852,0.843558282208589,0.918937805730259,0.94876660341556,0.918871252204585,0.848739495798319,0.808658471405665,1,0.921241050119332,0.92296148074037,0.877477477477477,0.930817610062893,0.934959349593496,0.841634241245136,0.764705882352941,0.902116402116402,0.931034482758621,1,0.727272727272727,0.764705882352941,0.941653160453809,1,1,1,0.905534351145038,0.914460285132383,0.768211920529801,0.790816326530612,0.929411764705882,0.884615384615385,0.84375,0.761261261261261,1,0.886178861788618,0.866666666666667,1,0.887125220458554,0.933333333333333,0.895522388059701,0.904761904761905,0.912045889101338,0.873469387755102,0.875,0.925925925925926,1,0.964285714285714,0.947483588621444,0.844155844155844,0.842461538461538
"Anser anser",0.911894273127753,0.978494623655914,0.944606413994169,0.89281045751634,0.922567498726439,0.9366391184573,0.868002764340014,0.948717948717949,0.947712418300654,0.794937794937795,0,0.886075949367089,0.931623931623932,0.897142857142857,0.968253968253968,0.871794871794872,0.914529914529915,0.894245723172628,0.901408450704225,0.866666666666667,0.906976744186047,0.843971631205674,0.941176470588235,0.857142857142857,0.933812949640288,0.896774193548387,0.944444444444444,1,0.909090909090909,0.834710743801653,0.917808219178082,0.929032258064516,0.758620689655172,0.887323943661972,0.822695035460993,0.873972602739726,0.85167837626854,0.878228782287823,0.928128872366791,0.911908646003263,0.877551020408163,0.830508474576271,1,0.910902696365768,0.913486005089059,0.930753564154786,0.931484502446982,0.925925925925926,0.883341334613538,0.803921568627451,0.897590361445783,0.875,1,0.941176470588235,0.866666666666667,0.919254658385093,0.863636363636364,1,0.75,0.896842105263158,0.91044776119403,0.743119266055046,0.9,0.824175824175824,0.885714285714286,0.955555555555555,0.842829076620825,0.909090909090909,0.933333333333333,0.932075471698113,1,0.821808510638298,0.875,0.87906976744186,0.793103448275862,0.886621315192744,0.923357664233577,0.873417721518987,0.934426229508197,0.892857142857143,0.888888888888889,0.928476821192053,0.955223880597015,0.878833208676141
"Anser brachyrhynchus",1,1,0.972602739726027,0.955056179775281,0.920634920634921,0.958904109589041,0.869565217391304,1,0.888888888888889,0.834319526627219,0.886075949367089,0,0.752808988764045,0.851351351351351,1,0.904761904761905,0.91304347826087,0.916666666666667,0.91304347826087,1,1,0.64406779661017,1,0.625,0.895652173913043,0.792207792207792,1,0,0,1,0,0.846153846153846,0.6,0.923076923076923,0.786666666666667,0.968253968253968,0.75,0.974358974358974,0.934065934065934,0.886792452830189,0,0.866323907455013,0,0.916398713826367,0.921739130434783,0.942307692307692,0.973333333333333,1,0.839449541284404,0.8,0.825,1,1,1,1,0.945945945945946,1,0,0.875,0.909547738693467,0.942857142857143,0.857142857142857,0.884892086330935,0.882352941176471,1,0,0.859649122807018,1,1,0.927272727272727,1,0.850746268656716,0.933333333333333,0.714285714285714,1,0.918918918918919,0.863945578231293,0,0,1,1,0.82089552238806,1,0.869047619047619
"Anser fabalis",0.96078431372549,1,0.89344262295082,0.95959595959596,0.941463414634146,0.919642857142857,0.927051671732523,0.959183673469388,0.969230769230769,0.826183844011142,0.931623931623932,0.752808988764045,0,0.932523616734143,0.955555555555555,0.904761904761905,0.981481481481481,0.982195845697329,1,1,0.894736842105263,0.773809523809524,1,1,0.984732824427481,0.925925925925926,1,1,1,0.846153846153846,0.902439024390244,0.949579831932773,1,0.946218487394958,0.816091954022989,0.927927927927928,0.936603773584906,0.936102236421725,0.968652037617555,0.928205128205128,0.985074626865672,0.935042735042735,1,0.952272727272727,0.94045534150613,0.979591836734694,0.945205479452055,1,0.910676901605024,0.866666666666667,0.92814371257485,1,1,0.866666666666667,1,0.949367088607595,1,1,0,0.960339943342776,0.982608695652174,0.905882352941176,0.950617283950617,1,1,0.888888888888889,0.937007874015748,1,1,0.955056179775281,1,0.95679012345679,1,0.918367346938775,1,0.938144329896907,0.938775510204082,0.818181818181818,0.8125,1,1,0.989304812834225,1,0.938997821350763
"Ardea cinerea",0.920245398773006,1,0.926289926289926,0.904605263157895,0.927990135635018,0.92741935483871,0.869664634146341,0.90530303030303,0.945147679324895,0.885446685878962,0.897142857142857,0.851351351351351,0.932523616734143,0,0.863849765258216,0.868263473053892,0.957610789980732,0.93531914893617,0.887147335423198,0.865384615384615,0.772727272727273,0.929078014184397,1,0.89873417721519,0.944206008583691,0.915492957746479,1,0.9,0.843137254901961,0.753846153846154,0.875,0.915904936014625,0.833333333333333,0.924328147100424,0.792717086834734,0.891500904159132,0.870733072188025,0.883679525222552,0.928378378378378,0.88159111933395,0.930232558139535,0.848893166506256,1,0.871956717763751,0.903672903672904,0.926873857404022,0.920915712799168,0.960975609756098,0.889552602706327,0.883333333333333,0.8712715855573,0.850746268656716,0.785714285714286,0.972602739726027,1,0.924717691342535,0.937106918238994,0.739130434782609,0.836734693877551,0.922030825022665,0.898954703832753,0.743589743589744,0.879234167893962,0.903614457831325,0.73109243697479,0.910112359550562,0.851002865329513,0.894736842105263,0.910979228486647,0.920110192837466,1,0.821109123434705,0.866379310344828,0.885931558935361,0.825,0.920220082530949,0.897703549060543,0.953488372093023,0.962121212121212,0.955555555555555,0.824561403508772,0.901808785529716,0.956363636363636,0.898094816127603
"Ardea purpurea",0.964285714285714,1,0.906976744186047,0.890909090909091,0.922222222222222,0.894736842105263,0.887587822014052,0.957142857142857,0.863013698630137,0.954154727793696,0.968253968253968,1,0.955555555555555,0.863849765258216,0,1,0.955555555555555,0.913978494623656,0.815384615384615,0,1,1,1,0,0.970588235294118,0,1,1,0,1,1,1,0.92,0.909774436090226,0.852631578947368,1,0.844262295081967,0.879781420765027,0.879396984924623,0.958620689655172,1,0.926605504587156,1,0.980582524271845,0.987096774193548,1,1,1,0.873183619550859,0,0.902439024390244,0.714285714285714,0,0,1,0.9375,1,0.44,0,0.964028776978417,0.95959595959596,0.833333333333333,1,1,0.7,1,1,0,1,1,0,0.865546218487395,0,1,0.666666666666667,1,1,1,1,0.866666666666667,1,0.978947368421053,0,0.790476190476191
"Arenaria interpres",0.882352941176471,0.892307692307692,0.865384615384615,0.918367346938775,0.86892177589852,0.909090909090909,0.825363825363825,0.909090909090909,0.963636363636364,0.810526315789474,0.871794871794872,0.904761904761905,0.904761904761905,0.868263473053892,1,0,0.96969696969697,0.949044585987261,0.8,0.8,0.914893617021277,0.947368421052632,1,0.68,0.811668372569089,0.76401179941003,0.700934579439252,0.722222222222222,0.942857142857143,0.720930232558139,1,0.741772151898734,1,0.95,1,0.777777777777778,0.813008130081301,0.839285714285714,0.919282511210762,0.857142857142857,1,0.744444444444444,1,0.845659163987138,0.868055555555556,0.880701754385965,0.864864864864865,0.918367346938775,0.842222222222222,0.728813559322034,0.777777777777778,0.866666666666667,0.818181818181818,0.84,0.894736842105263,0.801724137931034,0.904761904761905,0.5,0.777777777777778,0.939622641509434,0.814285714285714,0.818181818181818,0.857142857142857,0.804878048780488,0.666666666666667,0.571428571428571,0.853403141361257,0.857142857142857,0.876923076923077,0.85,1,0.862815884476534,0.86,0.857142857142857,1,0.790909090909091,0.827586206896552,0.906976744186047,0.811320754716981,0.923076923076923,1,0.792260692464358,0.878378378378378,0.857651245551601
"Aythya ferina",0.923664122137405,1,0.922779922779923,0.745098039215686,0.868792152053955,0.869879518072289,0.849669883189436,0.892086330935252,0.766561514195583,0.972850678733032,0.914529914529915,0.91304347826087,0.981481481481481,0.957610789980732,0.955555555555555,0.96969696969697,0,0.673469387755102,0.949152542372881,1,0.891304347826087,0.9375,0.857142857142857,1,0.938411669367909,0.95,0.942028985507246,1,1,0.894736842105263,1,0.965277777777778,1,0.973094170403587,0.975903614457831,0.898989898989899,0.914893617021277,0.826633165829146,0.911627906976744,0.836431226765799,1,0.951672862453532,1,0.95630725863284,0.9275,0.966101694915254,0.941908713692946,0.948051948051948,0.938775510204082,0.885714285714286,0.932885906040269,0.818181818181818,1,0.944444444444444,1,0.933701657458563,0.882352941176471,1,0.888888888888889,0.948032665181886,0.927272727272727,0.951807228915663,0.957746478873239,0.864864864864865,1,0.952380952380952,0.859154929577465,0.6,0.968992248062015,0.909090909090909,0,0.929078014184397,0.855421686746988,0.936,0.789473684210526,0.880733944954128,0.972222222222222,0.787878787878788,0.955555555555555,0.813333333333333,0.888888888888889,0.904761904761905,1,0.914285714285714
"Aythya fuligula",0.90521327014218,0.938461538461538,0.898351648351648,0.801226993865031,0.828679602460956,0.857142857142857,0.802848575712144,0.888157894736842,0.762039660056657,0.939736346516008,0.894245723172628,0.916666666666667,0.982195845697329,0.93531914893617,0.913978494623656,0.949044585987261,0.673469387755102,0,0.958762886597938,1,0.933333333333333,0.914634146341463,0.925233644859813,1,0.918616480162767,0.967567567567568,0.9,1,0.961538461538461,0.836734693877551,0.970588235294118,0.917073170731707,0.666666666666667,0.962365591397849,0.96875,0.949367088607595,0.871763255240444,0.772481040086674,0.907894736842105,0.838235294117647,0.862068965517241,0.923766816143498,0.879518072289157,0.902173913043478,0.883484767504009,0.938650306748466,0.919413919413919,0.936170212765957,0.913659793814433,0.841269841269841,0.902439024390244,0.916666666666667,0.870967741935484,0.866666666666667,0.6,0.941176470588235,0.904761904761905,0,0.909090909090909,0.902284263959391,0.882037533512064,0.714285714285714,0.87378640776699,0.900826446280992,0.785714285714286,0.963636363636364,0.860182370820669,1,0.977011494252874,0.860780984719864,0,0.901823281907433,0.794721407624633,0.907407407407407,0.684210526315789,0.855670103092784,0.888888888888889,0.746835443037975,0.892215568862275,0.78125,0.769230769230769,0.88109756097561,0.986486486486486,0.866473149492017
"Botaurus stellaris",1,1,0.929203539823009,0.933333333333333,0.907407407407407,0.937984496124031,0.904761904761905,0.970149253731343,0.864406779661017,0.923076923076923,0.901408450704225,0.91304347826087,1,0.887147335423198,0.815384615384615,0.8,0.949152542372881,0.958762886597938,0,1,1,0.9,1,1,1,1,1,1,1,0.875,1,0.894736842105263,1,0.888888888888889,0.947368421052632,0.875,0.878542510121457,0.862595419847328,0.904761904761905,0.902912621359223,1,0.924170616113744,0,0.923076923076923,0.948717948717949,0.962962962962963,1,1,0.916292974588939,1,0.733333333333333,1,0,1,1,0.956521739130435,1,1,1,0.985294117647059,0.90625,0.959183673469388,0.863636363636364,0.777777777777778,0.8,0.764705882352941,0.931034482758621,1,0.882352941176471,0.75,1,0.790476190476191,1,0.733333333333333,1,0.872340425531915,0.909090909090909,1,1,1,1,0.882352941176471,1,0.831325301204819
"Branta bernicla",0.9,1,0.913978494623656,0.96551724137931,0.839622641509434,0.897435897435897,0.911290322580645,0.888888888888889,1,0.770491803278688,0.866666666666667,1,1,0.865384615384615,0,0.8,1,1,1,0,0.866666666666667,0.92,1,1,0.742574257425743,0.771428571428571,1,0.666666666666667,1,0.777777777777778,1,0.837209302325581,0,1,0.833333333333333,0.925925925925926,0.816091954022989,0.852941176470588,0.878787878787879,0.846153846153846,1,0.717171717171717,0,0.795221843003413,0.872832369942196,0.746031746031746,0.961165048543689,0.909090909090909,0.844961240310077,0.719298245614035,0.888888888888889,1,1,0.684210526315789,0.875,0.851851851851852,1,0,1,0.985611510791367,0.931034482758621,0.657142857142857,0.714285714285714,0.91044776119403,1,0.666666666666667,0.836734693877551,0,0.909090909090909,0.801526717557252,1,0.854166666666667,0.805555555555556,0.872340425531915,1,0.790476190476191,0.80327868852459,1,1,0.80952380952381,1,0.703125,0.707317073170732,0.8
"Branta canadensis",1,0.875,0.908045977011494,0.861111111111111,0.941690962099125,0.912280701754386,0.913419913419913,1,0.666666666666667,0.927272727272727,0.906976744186047,1,0.894736842105263,0.772727272727273,1,0.914893617021277,0.891304347826087,0.933333333333333,1,0.866666666666667,0,1,1,0.68,0.898412698412698,0.790697674418605,1,0.789473684210526,1,1,0.666666666666667,0.848484848484848,0,0.866666666666667,1,1,0.807780320366133,0.857142857142857,0.844444444444445,0.8,0.6,0.863157894736842,1,0.863070539419087,0.924198250728863,0.876923076923077,0.863013698630137,0.875,0.905,0.739130434782609,0.870967741935484,0.714285714285714,0.538461538461539,1,0,0.75,1,0,0.842105263157895,0.914396887159533,0.904761904761905,0.714285714285714,1,0.863636363636364,0.6,0,0.80952380952381,0.75,0.948717948717949,0.962962962962963,1,0.738317757009346,0.972222222222222,0.804878048780488,0.5,0.916666666666667,0.918918918918919,0.833333333333333,1,0.9,1,0.756906077348066,0.787234042553191,0.80327868852459
"Branta leucopsis",1,1,0.941605839416058,0.977401129943503,0.977272727272727,0.89041095890411,0.907578558225508,0.9375,0.954545454545455,0.787234042553191,0.843971631205674,0.64406779661017,0.773809523809524,0.929078014184397,1,0.947368421052632,0.9375,0.914634146341463,0.9,0.92,1,0,1,1,0.930693069306931,0.925925925925926,1,1,1,0.928571428571429,1,0.901234567901235,1,0.974683544303798,0.626373626373626,0.888888888888889,0.86046511627907,0.931034482758621,0.90625,0.929824561403509,1,0.807439824945295,1,0.910313901345291,0.920962199312715,0.946808510638298,0.955223880597015,1,0.888324873096447,0.727272727272727,0.883495145631068,1,1,0.818181818181818,0.846153846153846,0.928057553956835,1,1,1,0.980952380952381,0.932773109243697,0.886792452830189,0.824817518248175,1,1,1,0.879310344827586,0,0.875,0.875,1,0.865470852017937,0.89247311827957,0.9,1,0.859649122807018,0.904109589041096,1,0.888888888888889,1,1,0.972850678733032,0.924528301886792,0.867158671586716
"Bucephala clangula",1,1,1,0.92,0.952,0.885714285714286,0.9375,1,1,1,0.941176470588235,1,1,1,1,1,0.857142857142857,0.925233644859813,1,1,1,1,0,0,0.934426229508197,1,1,0,1,1,1,0.8,1,0.888888888888889,1,1,0.888888888888889,0.892857142857143,1,0.888888888888889,0.714285714285714,0.957446808510638,0.764705882352941,0.943127962085308,0.939086294416244,1,1,0,0.941176470588235,1,0,0,0.777777777777778,1,0,1,1,0,0,0.985401459854015,0.945945945945946,1,0.777777777777778,1,0,1,1,0,1,0.897435897435897,0,1,0.931034482758621,1,1,0.92,0.967741935483871,0.714285714285714,1,0.555555555555556,0,0.823529411764706,1,0.928571428571429
"Calidris alba",0.80952380952381,1,0.947368421052632,0.909090909090909,0.896296296296296,0.849056603773585,0.848739495798319,1,0.636363636363636,1,0.857142857142857,0.625,1,0.89873417721519,0,0.68,1,1,1,1,0.68,1,0,0,0.769736842105263,0.606060606060606,0.783783783783784,0.727272727272727,1,1,1,0.813953488372093,0,1,0,0.714285714285714,0.698924731182796,1,1,0.918367346938775,0,0.619631901840491,1,0.793103448275862,0.967479674796748,0.866666666666667,0.873417721518987,1,0.825242718446602,0.563636363636364,0.619047619047619,1,1,1,1,0.887323943661972,1,0,0.904761904761905,0.971830985915493,0.935483870967742,0.92,0.823529411764706,0.655172413793103,0.333333333333333,1,0.793103448275862,1,1,0.785714285714286,1,0.840909090909091,1,0.885714285714286,1,0.777777777777778,0.793103448275862,0.833333333333333,0.777777777777778,1,1,0.766233766233766,0.890909090909091,0.869565217391304
"Calidris alpina",0.851162790697674,0.973898858075041,0.906735751295337,0.914645974781765,0.844307270233196,0.920300751879699,0.839222042139384,0.934306569343066,0.921671018276762,0.93485342019544,0.933812949640288,0.895652173913043,0.984732824427481,0.944206008583691,0.970588235294118,0.811668372569089,0.938411669367909,0.918616480162767,1,0.742574257425743,0.898412698412698,0.930693069306931,0.934426229508197,0.769736842105263,0,0.721641190667739,0.735537190082645,0.79296875,1,0.814207650273224,0.962264150943396,0.771949828962372,1,0.971698113207547,0.964285714285714,0.97029702970297,0.882207067575945,0.923076923076923,0.865921787709497,0.899641577060932,1,0.800970873786408,1,0.889732770745429,0.858069439145364,0.919308357348703,0.948193592365371,0.940298507462687,0.859079704190633,0.788888888888889,0.811634349030471,0.909774436090226,0.898305084745763,0.904761904761905,0.939393939393939,0.862745098039216,0.889967637540453,0.777777777777778,0.875862068965517,0.962489343563512,0.817792068595927,0.835164835164835,0.905138339920949,0.840304182509506,0.904761904761905,0.903614457831325,0.851572327044025,0.936170212765957,0.961218836565097,0.874649204864359,1,0.924791086350975,0.88336192109777,0.894736842105263,0.92,0.846027846027846,0.870422535211268,0.825396825396825,0.744761904761905,0.831978319783198,0.897058823529412,0.758636159712876,0.948139797068771,0.891083183722322
"Calidris canutus",0.875968992248062,0.981981981981982,0.939393939393939,0.929203539823009,0.872596153846154,0.894150417827298,0.860975609756098,1,0.925233644859813,0.934210526315789,0.896774193548387,0.792207792207792,0.925925925925926,0.915492957746479,0,0.76401179941003,0.95,0.967567567567568,1,0.771428571428571,0.790697674418605,0.925925925925926,1,0.606060606060606,0.721641190667739,0,0.756410256410256,0.795454545454545,1,0.866666666666667,0.935483870967742,0.772549019607843,0,0.983333333333333,0.866666666666667,0.806451612903226,0.804123711340206,0.92,0.888563049853373,0.921397379912664,1,0.695187165775401,1,0.840855106888361,0.878489326765189,0.87192118226601,0.916932907348243,0.948051948051948,0.876363636363636,0.708333333333333,0.709677419354839,0.942857142857143,1,0.878787878787879,1,0.828402366863905,0.895652173913043,1,0.85,0.964285714285714,0.867469879518072,0.828571428571429,0.877300613496933,0.723577235772358,0.8,0.789473684210526,0.894736842105263,0.9375,0.944444444444444,0.897959183673469,1,0.850129198966408,0.873239436619718,0.930348258706468,0.818181818181818,0.813186813186813,0.870535714285714,0.96969696969697,0.815384615384615,0.925,0.888888888888889,0.722713864306785,0.891666666666667,0.880208333333333
"Calidris ferruginea",0.867924528301887,1,0.802469135802469,0.908256880733945,0.826086956521739,0.973333333333333,0.779904306220096,1,0.9,0.966101694915254,0.944444444444444,1,1,1,1,0.700934579439252,0.942028985507246,0.9,1,1,1,1,1,0.783783783783784,0.735537190082645,0.756410256410256,0,0.75,1,0.9,1,0.75,1,1,1,0.888888888888889,0.858156028368794,0.964285714285714,0.862857142857143,0.955555555555555,1,0.8375,1,0.859778597785978,0.875,0.926605504587156,0.914893617021277,0.882352941176471,0.903225806451613,0.84375,1,0.764705882352941,1,1,1,0.756756756756757,1,1,1,0.954887218045113,0.837837837837838,1,0.928571428571429,0.807228915662651,1,1,0.904761904761905,1,0.894736842105263,0.863636363636364,0,0.915254237288136,0.894736842105263,0.97752808988764,1,0.80952380952381,0.853211009174312,0.96551724137931,0.724770642201835,0.882352941176471,1,0.829508196721311,0.951219512195122,0.853658536585366
"Calidris minuta",0.872727272727273,1,0.921052631578947,0.942857142857143,0.851590106007067,1,0.898148148148148,0.948717948717949,0.893333333333333,1,1,0,1,0.9,1,0.722222222222222,1,1,1,0.666666666666667,0.789473684210526,1,0,0.727272727272727,0.79296875,0.795454545454545,0.75,0,1,1,0.866666666666667,0.73568281938326,1,0.96875,0,0.6,0.889908256880734,0.939393939393939,0.911111111111111,0.833333333333333,1,0.942857142857143,1,0.933333333333333,0.935483870967742,0.911111111111111,0.955555555555555,0.944444444444444,0.916010498687664,0.764705882352941,1,0.833333333333333,0.6,1,0,0.878787878787879,0.942857142857143,1,1,1,0.801104972375691,1,1,0.888888888888889,0,0.666666666666667,1,1,1,0.931034482758621,1,0.89873417721519,0.904761904761905,0.962962962962963,1,0.862068965517241,0.967741935483871,0.893333333333333,0.775401069518717,1,0.933333333333333,0.782894736842105,1,0.981132075471698
"Cepphus grylle",1,0.856209150326797,1,0.888888888888889,1,1,0.925675675675676,1,1,1,0.909090909090909,0,1,0.843137254901961,0,0.942857142857143,1,0.961538461538461,1,1,1,1,1,1,1,1,1,1,0,1,0,0.846153846153846,0,1,1,0.923076923076923,0.953703703703704,1,1,1,1,0.958333333333333,0.859649122807018,0.848605577689243,0.900414937759336,0.860215053763441,0.798913043478261,1,0.887733887733888,1,0,0,0.8,0.939393939393939,0.5,0.875,1,0,1,0.885714285714286,1,0,1,1,0,0,1,0.488372093023256,1,0.919811320754717,1,0.784313725490196,0.890625,1,1,1,0.769230769230769,1,1,1,1,0.931034482758621,0.959459459459459,0.968253968253968
"Charadrius alexandrinus",0.843137254901961,0.777777777777778,0.942857142857143,0.954545454545455,0.891891891891892,0.945945945945946,0.780346820809249,1,1,0.742574257425743,0.834710743801653,1,0.846153846153846,0.753846153846154,1,0.720930232558139,0.894736842105263,0.836734693877551,0.875,0.777777777777778,1,0.928571428571429,1,1,0.814207650273224,0.866666666666667,0.9,1,1,0,0.636363636363636,0.862745098039216,1,0.866666666666667,1,1,0.583333333333333,0.731343283582089,0.85,0.785714285714286,0,0.768115942028986,1,0.781376518218623,0.814285714285714,0.920792079207921,0.8,0.75609756097561,0.79144385026738,0.666666666666667,0.897435897435897,0.75,0,1,1,0.808219178082192,0.9,0.428571428571429,0,0.889763779527559,0.815789473684211,0.915492957746479,0.931034482758621,0.733333333333333,0.5,0.818181818181818,0.722222222222222,1,1,0.814814814814815,1,0.712328767123288,0.67741935483871,0.522388059701492,1,0.735849056603774,0.828125,0.866666666666667,0.789473684210526,0.806451612903226,1,0.865921787709497,0.931034482758621,0.831460674157303
"Charadrius dubius",0.893333333333333,0.714285714285714,0.941176470588235,0.901639344262295,0.969111969111969,0.924528301886792,0.921686746987952,0.8,0.92,0.892857142857143,0.917808219178082,0,0.902439024390244,0.875,1,1,1,0.970588235294118,1,1,0.666666666666667,1,1,1,0.962264150943396,0.935483870967742,1,0.866666666666667,0,0.636363636363636,0,0.906976744186047,0.555555555555556,0.882352941176471,1,0.8,0.88,0.870967741935484,0.890243902439024,0.830985915492958,1,0.842696629213483,0,0.955307262569832,0.889570552147239,0.945945945945946,0.95,0.885714285714286,0.924944812362031,0.6,0.8125,0.666666666666667,0,1,1,0.75609756097561,1,1,0,0.905660377358491,0.908256880733945,1,1,0.846153846153846,1,1,0.75,0,0.818181818181818,1,0,0.69811320754717,1,0.9,1,0.76,1,0.8,0.926605504587156,1,0.833333333333333,0.935064935064935,0.8,0.850467289719626
"Charadrius hiaticula",0.84,0.935185185185185,0.894039735099338,0.892703862660944,0.894366197183099,0.888888888888889,0.87490465293669,0.857142857142857,0.848648648648649,0.947540983606557,0.929032258064516,0.846153846153846,0.949579831932773,0.915904936014625,1,0.741772151898734,0.965277777777778,0.917073170731707,0.894736842105263,0.837209302325581,0.848484848484848,0.901234567901235,0.8,0.813953488372093,0.771949828962372,0.772549019607843,0.75,0.73568281938326,0.846153846153846,0.862745098039216,0.906976744186047,0,1,0.944055944055944,1,0.916666666666667,0.843426883308715,0.908571428571429,0.856474258970359,0.866220735785953,0.733333333333333,0.844,1,0.902924704418171,0.907918968692449,0.917261055634807,0.920634920634921,0.922077922077922,0.919431279620853,0.789473684210526,0.811111111111111,0.864864864864865,0.818181818181818,0.853658536585366,0.9,0.851546391752577,0.897810218978102,1,0.714285714285714,0.924629878869448,0.793650793650794,0.9375,0.942857142857143,0.849802371541502,0.777777777777778,0.935483870967742,0.848699763593381,0.714285714285714,0.923566878980892,0.926829268292683,0.875,0.877887788778878,0.9,0.808873720136519,0.826086956521739,0.842592592592593,0.88936170212766,0.780645161290323,0.786666666666667,0.848275862068965,0.844155844155844,0.744164332399627,0.951048951048951,0.896879240162822
"Chlidonias niger",1,1,0.866666666666667,0.783783783783784,0.854545454545454,0.92,0.780821917808219,0.91304347826087,1,0.802197802197802,0.758620689655172,0.6,1,0.833333333333333,0.92,1,1,0.666666666666667,1,0,0,1,1,0,1,0,1,1,0,1,0.555555555555556,1,0,0.755102040816326,0.8,1,0.674418604651163,0.866666666666667,0.941176470588235,0.846153846153846,1,0.789473684210526,1,0.909090909090909,0.818181818181818,1,0.777777777777778,1,0.865921787709497,0,0.789473684210526,0,0,0,0,1,1,1,0,0.822222222222222,0.944444444444444,0.714285714285714,0.529411764705882,1,1,0.333333333333333,0.75,0,1,0,0,0.761904761904762,1,0.777777777777778,0.666666666666667,1,1,1,0.833333333333333,1,0,0.91304347826087,1,0.714285714285714
"Ciconia ciconia",0.945578231292517,0.923076923076923,0.957317073170732,0.948453608247423,0.960281870595772,0.932075471698113,0.934407690132881,0.939393939393939,0.947368421052632,0.889189189189189,0.887323943661972,0.923076923076923,0.946218487394958,0.924328147100424,0.909774436090226,0.95,0.973094170403587,0.962365591397849,0.888888888888889,1,0.866666666666667,0.974683544303798,0.888888888888889,1,0.971698113207547,0.983333333333333,1,0.96875,1,0.866666666666667,0.882352941176471,0.944055944055944,0.755102040816326,0,0.807106598984772,0.834549878345499,0.815745393634841,0.92090395480226,0.958847736625514,0.913978494623656,0.789203084832905,0.911308203991131,1,0.924190800681431,0.94811320754717,0.960474308300395,0.935897435897436,0.933333333333333,0.942166765696177,0.875,0.933333333333333,0.826086956521739,1,0.833333333333333,1,0.94047619047619,0.875,0.870967741935484,0,0.954353338968724,0.936507936507937,0.904761904761905,0.951807228915663,0.911111111111111,0.941176470588235,0.941176470588235,0.923497267759563,0.777777777777778,0.971428571428572,0.987730061349693,1,0.865979381443299,0.891891891891892,0.864864864864865,0.773584905660377,0.925925925925926,0.926421404682274,0.91304347826087,0.959183673469388,1,0.944444444444444,0.97029702970297,0.933333333333333,0.957627118644068
"Cygnus columbianus",1,1,0.869822485207101,0.93006993006993,0.893557422969188,0.851851851851852,0.803846153846154,1,0.932203389830508,0.760663507109005,0.822695035460993,0.786666666666667,0.816091954022989,0.792717086834734,0.852631578947368,1,0.975903614457831,0.96875,0.947368421052632,0.833333333333333,1,0.626373626373626,1,0,0.964285714285714,0.866666666666667,1,0,1,1,1,1,0.8,0.807106598984772,0,0.724137931034483,0.718820861678005,0.930635838150289,0.9375,0.898550724637681,1,0.817109144542773,1,0.907284768211921,0.926829268292683,0.9,0.939393939393939,1,0.850393700787402,0.75,0.835294117647059,0,1,0.333333333333333,1,0.885714285714286,1,0,1,0.916083916083916,0.857142857142857,0.774193548387097,0.661016949152542,1,1,1,0.876923076923077,0,0.916666666666667,0.75,1,0.849462365591398,0.9,1,0.75,0.928571428571429,0.861111111111111,1,1,1,0,0.943396226415094,0.714285714285714,0.828326180257511
